# 失败区块记录
# 处理时间: 2025-07-21 08:24:27
# 区块范围: 337199528 - 337200028
# 失败区块数: 250
# ==========================================
337199727
337199726
337199725
337199724
337199723
337199722
337199721
337199720
337199719
337199718
337199717
337199716
337199715
337199714
337199713
337199712
337199711
337199710
337199709
337199708
337199707
337199706
337199705
337199704
337199703
337199702
337199701
337199700
337199699
337199698
337199697
337199696
337199695
337199694
337199693
337199692
337199691
337199690
337199689
337199688
337199687
337199686
337199685
337199684
337199683
337199682
337199681
337199680
337199679
337199678
337199877
337199876
337199875
337199874
337199873
337199872
337199871
337199870
337199869
337199868
337199867
337199866
337199865
337199864
337199863
337199862
337199861
337199860
337199859
337199858
337199857
337199856
337199855
337199854
337199853
337199852
337199851
337199850
337199849
337199848
337199847
337199846
337199845
337199844
337199843
337199842
337199841
337199840
337199839
337199838
337199837
337199836
337199835
337199834
337199833
337199832
337199831
337199830
337199829
337199828
337199777
337199776
337199775
337199774
337199773
337199772
337199771
337199770
337199769
337199768
337199767
337199766
337199765
337199764
337199763
337199762
337199761
337199760
337199759
337199758
337199757
337199756
337199755
337199754
337199753
337199752
337199751
337199750
337199749
337199748
337199747
337199746
337199745
337199744
337199743
337199742
337199741
337199740
337199739
337199738
337199737
337199736
337199735
337199734
337199733
337199732
337199731
337199730
337199729
337199728
337199977
337199976
337199975
337199974
337199973
337199972
337199971
337199970
337199969
337199968
337199967
337199966
337199965
337199964
337199963
337199962
337199961
337199960
337199959
337199958
337199957
337199956
337199955
337199954
337199953
337199952
337199951
337199950
337199949
337199948
337199947
337199946
337199945
337199944
337199943
337199942
337199941
337199940
337199939
337199938
337199937
337199936
337199935
337199934
337199933
337199932
337199931
337199930
337199929
337199928
337199577
337199576
337199575
337199574
337199573
337199572
337199571
337199570
337199569
337199568
337199567
337199566
337199565
337199564
337199563
337199562
337199561
337199560
337199559
337199558
337199557
337199556
337199555
337199554
337199553
337199552
337199551
337199550
337199549
337199548
337199547
337199546
337199545
337199544
337199543
337199542
337199541
337199540
337199539
337199538
337199537
337199536
337199535
337199534
337199533
337199532
337199531
337199530
337199529
337199528
